2.878
1.355
3.752
1.684
2.254
1.756
6.033
2.981
3.600
2.873
2.053
1.930
3.676
3.598
1.643
3.076
2.267
5.937
4.963
1.387
3.723
3.378
3.251
2.227
1.706
1.669
1.636
1.988
2.769
3.019
3.806
2.292
1.372
4.289
2.025
2.060
2.319
3.298
3.310
1.738
3.656
1.997
2.200
1.820
1.363
1.356
1.390
3.426
1.735
2.080
2.356
1.256
1.997
1.941
1.920
1.300
1.774
2.134
2.253
1.977
1.303
2.135
2.291
2.004
4.354
1.545
1.319
1.509
3.512
2.222
3.040
2.121
3.399
3.687
2.811
2.508
1.460
1.189
1.453
1.864
1.397
1.261
4.651
4.176
1.591
6.354
3.349
3.047
2.745
1.447
1.366
1.793
2.240
2.098
1.316
1.446
1.192
1.938
1.415
2.060
