5.168
3.975
5.706
4.147
4.012
4.043
8.099
5.166
5.993
5.520
4.195
5.075
6.385
6.957
4.422
5.227
4.687
8.962
6.235
4.182
6.514
5.684
5.933
5.017
4.469
4.470
4.037
4.493
5.901
5.314
6.395
4.574
3.987
6.959
4.805
4.673
4.614
5.686
7.063
4.516
5.606
4.276
3.612
4.456
4.176
3.548
3.847
6.665
3.718
4.496
4.343
3.522
4.961
4.252
3.975
3.774
4.122
3.968
4.041
4.308
4.216
4.497
4.240
4.809
6.612
4.039
4.389
4.115
6.307
4.861
5.489
4.237
5.260
5.873
4.630
4.764
3.921
4.518
4.064
4.028
3.962
4.125
6.238
6.169
4.135
7.895
5.337
5.860
4.815
4.427
3.885
4.070
4.349
3.926
3.942
3.803
4.318
4.321
3.950
4.457
